Отвертка 0.183541 0.704535 0.128532 0.658703 0.319345 0.251550 0.374354 0.297382
Отвертка 0.905720 0.351155 0.882567 0.546065 0.622289 0.491099 0.645442 0.296189
Отвертка -0.059670 0.550760 0.391539 -0.026166 0.486103 0.105314 0.034893 0.682240
Отвертка 0.982375 0.485309 0.931062 0.521077 0.847879 0.308925 0.899192 0.273157
Отвертка 0.556337 0.179991 0.586793 0.018323 0.933778 0.134532 0.903322 0.296200
Отвертка 0.580897 0.235925 0.607025 0.166960 0.893208 0.359709 0.867081 0.428674
Отвертка 0.686581 0.760150 0.660997 0.843326 0.284213 0.637285 0.309797 0.554110
Отвертка 0.532876 0.678639 0.481578 0.657858 0.576794 0.240000 0.628093 0.260781
Отвертка 0.435791 0.126629 0.517049 0.173288 0.407526 0.512367 0.326269 0.465707
Отвертка 0.495214 0.172412 0.566767 0.198869 0.481410 0.609250 0.409858 0.582792
Отвертка 0.556289 0.611182 0.618166 0.438986 0.884000 0.608808 0.822123 0.781003
